0.391195
0.263803
0.079585
0.279803
0.265229
0.146258
0.171559
0.244700
0.078674
0.225160
0.250851
0.064721
0.081753
0.079787
0.068920
0.060112
0.069477
0.238547
0.054618
0.331484
0.056358
0.282205
0.280840
0.280282
0.100123
0.098606
0.386949
0.209291
0.240799
0.154304
0.314124
0.299096
0.060236
0.058203
0.057563
0.124269
0.082047
0.480930
0.107154
0.063785
0.095493
0.101574
0.072469
0.086585
0.308339
0.310441
0.052170
0.055148
0.118557
0.282465
0.245410
0.058552
0.079243
0.120135
0.194191
0.061305
0.136649
0.313009
0.078825
0.074072
0.060716
0.063466
0.228904
0.078079
0.065053
0.050549
0.056934
0.109653
0.210196
0.303853
0.062390
0.052425
0.058532
0.058706
0.199840
0.060113
0.085384
0.082542
0.100448
0.250022
0.253679
0.497910
0.351496
0.276748
0.274335
0.353548
0.380201
0.108112
0.307998
0.064268
0.064535
0.435420
0.054241
0.077562
0.207411
0.057455
0.084069
0.083191
0.056759
0.087004
0.073484
0.059104
0.202782
0.143476
0.059965
0.089535
0.311607
0.052445
0.052445
0.101095
0.101196
0.122057
0.122360
0.093294
0.097463
0.331221
0.050796
0.069556
0.071039
0.380942
0.093416
0.269874
0.153000
0.078659
0.071730
0.334834
0.063385
0.053259
0.326593
0.057711
0.231899
0.111792
0.254929
0.074590
0.050422
0.118183
0.062715
0.261459
0.197480
0.438552
0.053584
0.062530
0.061867
0.080485
0.058692
0.280825
0.276101
0.076258
0.064538
0.162093
0.274088
0.057930
0.059987
0.056317
0.362416
0.362258
0.066971
0.060965
0.377244
0.079187
0.088067
0.054857
0.050725
0.090611
0.085555
0.169234
0.174934
0.119599
0.135864
0.212681
0.089003
0.475113
0.050047
0.065614
0.077101
0.146792
0.169526
0.073694
0.054227
0.444873
0.290278
0.070805
0.371722
0.073151
0.064394
0.056510
0.097691
0.081801
0.141810
0.067386
0.077303
0.138021
0.263950
0.101183
0.325576
0.320269
0.350818
0.218385
0.154317
0.098583
0.061884
0.129785
0.129614
0.301050
0.161750
0.073480
0.069144
0.054430
0.090557
0.480990
0.287358
0.110240
0.063409
0.064000
0.100920
0.099850
0.096124
0.101428
0.051893
0.075892
0.075805
0.196530
0.436570
0.392573
0.092445
0.106565
0.084139
0.092809
0.072143
0.053052
0.209446
0.329514
0.208149
0.081928
0.334285
0.175015
0.058217
0.323811
0.254403
0.208846
0.073465
0.494491
0.067739
0.498308
0.342359
0.050681
0.375301
0.360861
0.487892
0.402020
0.207513
0.188009
0.323379
0.229762
0.248759
0.054232
0.054753
0.108480
0.050401
0.137475
0.273265
0.134347
0.474341
0.097733
0.137678
0.368479
0.110384
0.053003
0.382804
0.191466
0.395384
0.492377
0.494368
0.457490
0.421639
0.060378
0.060476
0.078709
0.481382
0.128736
0.054465
0.054065
0.288036
0.068435
0.223870
0.460315
0.475449
0.167463
0.391793
0.059632
0.080390
0.489683
0.479424
0.499842
0.460469
0.055599
0.054802
0.498125
0.387511
0.475750
0.483766
0.488845
0.472561
0.491613
0.494763
0.058212
0.159295
0.097497
0.493350
0.065678
0.495277
0.488338
0.053499
0.053395
0.068473
0.053187
0.070309
0.495748
0.122074
0.324565
0.057972
0.053690
0.473146
0.283565
0.487388
0.051117
0.071856
0.074695
0.464056
0.067957
0.077508
0.171584
0.169740
0.067165
0.073193
0.438152
0.445767
0.139060
0.493401
0.059323
0.053672
0.050460
0.487074
0.055234
0.252008
0.176066
0.260804
0.054621
0.057474
0.060943
0.070105
0.483472
0.058139
0.071561
0.061760
0.070055
0.441801
0.306504
0.398309
0.079782
0.050653
0.079154
0.063575
0.063966
0.054573
0.487532
0.488563
0.053941
0.072878
0.495600
0.232179
0.136630
0.379314
0.051306
0.107569
0.050194
0.062615
0.066013
0.139322
0.471129
0.099362
0.110612
0.478303
0.499021
0.309595
0.056967
0.072871
0.055471
0.051891
0.056280
0.054929
0.418368
0.164404
0.065575
0.072395
0.115530
0.091782
0.060749
0.060890
0.076608
0.102684
0.204681
0.325132
0.458478
0.491050
0.488851
0.064025
0.051509
0.094205
0.073687
0.073703
0.079066
0.110001
0.338893
0.461608
0.057830
0.052548
0.153635
0.296574
0.300823
0.494098
0.081878
0.056868
0.104535
0.083796
0.073306
0.082836
0.064153
0.125337
0.490689
0.063417
0.109276
0.471428
0.051385
0.051887
0.145037
0.079442
0.068794
0.052648
0.493299
0.071321
0.063311
0.202772
0.483483
0.066276
0.053903
0.072129
0.085292
0.060642
0.052451
0.144202
0.052223
0.134198
0.497005
0.058639
0.464515
0.057682
0.264674
0.405869
0.061302
0.362500
0.460971
0.079615
0.131383
0.095477
0.085904
0.145870
0.489820
0.499451
0.464999
0.110364
0.481987
0.066789
0.470917
0.058853
0.163764
0.106439
0.058445
0.084393
0.080956
0.071874
0.186289
0.491343
0.051773
0.055053
0.492762
0.485296
0.268775
0.452098
0.050763
0.092401
0.213584
0.355262
0.355698
0.210372
0.090799
0.063313
0.069010
0.066984
0.075667
0.137427
0.157373
0.050307
0.092824
0.094541
0.498576
0.101466
0.136295
0.238583
0.054034
0.085896
0.059184
0.499359
0.050989
0.059543
0.069275
0.100210
0.074105
0.076984
0.137347
0.079180
0.080203
0.051322
0.065587
0.051334
0.083145
0.057928
0.433678
0.057441
0.091945
0.061322
0.123524
0.079937
0.053236
0.090176
0.079947
0.052472
0.170252
0.181878
0.056569
0.101108
0.145021
0.488328
0.053724
0.051363
0.229350
0.070786
0.051781
0.068274
0.052083
0.070085
0.114449
0.494051
0.134034
0.071993
0.298349
0.176379
0.069990
0.077785
0.060683
0.133821
0.348936
0.076420
0.050404
0.081804
0.073358
0.083149
0.431587
0.489043
0.067288
0.088258
0.061069
0.138225
0.112846
0.056316
0.063504
0.215045
0.054224
0.058823
0.060698
0.352926
0.067595
0.067762
0.052521
0.101089
0.414286
0.177679
0.054063
0.056212
0.067015
0.050455
0.051754
0.068218
0.485120
0.498199
0.155295
0.070093
0.077247
0.053817
0.052478
0.050760
0.054821
0.088623
0.108404
0.080449
0.131607
0.136751
0.063426
0.055452
0.073654
0.082830
0.052248
0.052484
0.052923
0.176295
0.071329
0.480322
0.099099
0.057831
0.055913
0.105848
0.489256
0.082316
0.295107
0.084652
0.071732
0.084702
0.100847
0.100893
0.070574
0.080158
0.100834
0.475073
0.054915
0.068406
0.067231
0.351859
0.436857
0.153157
0.307148
0.299588
0.067718
0.055459
0.050976
0.102283
0.060782
0.086620
0.050253
0.086560
0.051193
0.066288
0.130762
0.085324
0.054902
0.051856
0.055146
0.063806
0.407018
0.091701
0.165390
0.062875
0.109434
0.055030
0.464953
0.099403
0.061657
0.064246
0.066723
0.070837
0.463111
0.093923
0.077076
0.169517
0.053423
0.135505
0.053787
0.092898
0.069525
0.398762
0.106956
0.395839
0.062903
0.487514
0.445536
0.137780
0.161373
0.071183
0.068358
0.134317
0.064868
0.090233
0.297507
0.115139
0.156024
0.054016
0.113801
0.057120
0.146098
0.076024
0.486594
0.050307
0.250512
0.051380
0.086552
0.188901
0.066836
0.055535
0.104247
0.058359
0.052469
0.119246
0.165517
0.087649
0.093794
0.062045
0.078598
0.062086
0.059769
0.055832
0.207241
0.054393
0.067126
0.085065
0.064385
0.056158
0.202712
0.101877
0.096391
0.050489
0.094482
0.082838
0.075584
0.464404
0.059560
0.095559
0.086101
0.480870
0.058129
0.115720
0.079231
0.075477
0.178341
0.087965
0.456918
0.062166
0.157372
0.444770
0.079707
0.497957
0.053522
0.053030
0.081333
0.093232
0.058919
0.130353
0.460799
0.441874
0.436704
0.480831
0.121560
0.337543
0.347803
0.132396
0.484504
0.497564
0.055431
0.078848
0.177565
0.296863
0.367789
0.075737
0.091139
0.088892
0.118998
0.267455
0.266977
0.051419
0.246719
0.476685
0.167604
0.098654
0.077614
0.131729
0.299306
0.483200
0.129602
0.057638
0.051082
0.070503
0.055347
0.272757
0.170096
0.130273
0.090537
0.099036
0.050284
0.051308
0.059530
0.056237
0.052340
0.054631
0.087506
0.153678
0.284756
0.241472
0.087922
0.065242
0.140191
0.485337
0.057025
0.057191
0.103369
0.072402
0.052823
0.111960
0.051101
0.052171
0.071171
0.073438
0.068411
0.065020
0.225943
0.058370
0.413739
0.071325
0.063832
0.070185
0.086310
0.081691
0.460524
0.050236
0.062956
0.062835
0.055304
0.437563
0.086133
0.092804
0.105791
0.061662
0.062383
0.058038
0.170042
0.087465
0.106765
0.483213
0.141965
0.051567
0.349708
0.091305
0.097748
0.061132
0.131059
0.141597
0.050811
0.069648
0.140911
0.147986
0.090552
0.062229
0.104213
0.069496
0.064976
0.100716
0.057704
0.058417
0.060435
0.064873
0.058169
0.082640
0.075340
0.055564
0.497412
0.171799
0.124807
0.101835
0.130802
0.088778
0.132082
0.204466
0.058903
0.273411
0.080375
0.090577
0.051583
0.097074
0.105278
0.478232
0.154353
0.379805
0.481008
0.055411
0.189539
0.485409
0.488543
0.119848
0.054966
0.053633
0.052748
0.054428
0.231633
0.154421
0.066370
0.055330
0.079268
0.128985
0.056263
0.084403
0.443753
0.152243
0.378787
0.357242
0.055556
0.074860
0.148835
0.056426
0.113445
0.127331
0.467866
0.055041
0.228483
0.349165
0.065391
0.090478
0.079573
0.147552
0.108986
0.084709
0.064297
0.086925
0.306799
0.070928
0.167803
0.378658
0.066378
0.096501
0.151164
0.057710
0.346234
0.076943
0.076338
0.496596
0.093407
0.107853
0.361268
0.053057
0.072738
0.071794
0.062440
0.154335
0.160256
0.456990
0.066452
0.058630
0.497275
0.050197
0.185134
0.117589
0.146527
0.152682
0.143898
0.162550
0.106178
0.059206
0.069658
0.053890
0.054971
0.476657
0.065861
0.058182
0.109606
0.054724
0.099866
0.455710
0.460041
0.055544
0.188073
0.429739
0.061026
0.070980
0.101162
0.098369
0.139045
0.083094
0.098580
0.053865
0.075798
0.052974
0.368530
0.491755
0.055948
0.109860
0.089945
0.096871
0.214242
0.096563
0.073681
0.074511
0.441641
0.495929
0.056697
0.051571
0.463654
0.396665
0.069425
0.081485
0.077087
0.063813
0.064884
0.257600
0.119797
0.260205
0.100200
0.202228
0.087730
0.062678
0.051877
0.147670
0.341651
0.051361
0.102456
0.140841
0.064168
0.050325
0.374013
0.150459
0.051355
0.083052
0.062065
0.107153
0.109081
0.066661
0.169031
0.113986
0.408123
0.069775
0.238948
0.071386
0.083773
0.057269
0.493110
0.051632
0.051632
0.134729
0.110191
0.055953
0.113957
0.064671
0.050522
0.068070
0.050498
0.215545
0.397912
0.483087
0.063453
0.114398
0.174220
0.150442
0.069720
0.054935
0.055533
0.151556
0.090064
0.079321
0.120456
0.127396
0.061115
0.075558
0.062021
0.400279
0.052696
0.489255
0.198518
0.105500
0.115416
0.100045
0.478334
0.050090
0.050840
0.145255
0.158016
0.063939
0.138634
0.178257
0.065633
0.073036
0.083257
0.061852
0.379707
0.381188
0.076677
0.062667
0.081781
0.060345
0.266604
0.144046
0.179194
0.092509
0.065093
0.098509
0.115708
0.064706
0.053268
0.055263
0.110871
0.070381
0.052949
0.056868
0.119735
0.080219
0.112086
0.491368
0.164211
0.051426
0.064808
0.494478
0.101185
0.331039
0.130054
0.067813
0.084026
0.063007
0.062845
0.074400
0.075050
0.072162
0.062950
0.061038
0.484486
0.050255
0.137272
0.161832
0.084361
0.234861
0.187266
0.057830
0.088026
0.112177
0.099991
0.096557
0.133922
0.096093
0.061714
0.079314
0.076280
0.287068
0.068255
0.064524
0.066100
0.064528
0.072173
0.467352
0.086800
0.119942
0.059177
0.234195
0.092945
0.053271
0.063252
0.174047
0.161156
0.074769
0.101833
0.050050
0.050121
0.094603
0.066781
0.203557
0.176718
0.132834
0.253726
0.053449
0.098845
0.061127
0.121303
0.085005
0.334346
0.076218
0.053004
0.307039
0.076980
0.498572
0.096486
0.200414
0.306296
0.070830
0.053766
0.055093
0.071752
0.188267
0.245708
0.072799
0.228286
0.064840
0.184459
0.492511
0.052612
0.120661
0.203607
0.353206
0.228764
0.063197
0.493853
0.255595
0.157055
0.173651
0.488690
0.061317
0.050465
0.067865
0.085651
0.132602
0.068928
0.119318
0.075381
0.492562
0.061069
0.194605
0.103604
0.093467
0.050971
0.136422
0.106668
0.062944
0.115796
0.066064
0.060123
0.156704
0.099685
0.356679
0.062277
0.073702
0.095471
0.428818
0.093947
0.073942
0.050662
0.344444
0.365473
0.440096
0.094399
0.095391
0.056306
0.492483
0.445000
0.451660
0.056449
0.091374
0.109867
0.111255
0.061697
0.156173
0.280434
0.146884
0.144285
0.065329
0.053299
0.053739
0.195578
0.060402
0.195545
0.080600
0.142389
0.077856
0.092476
0.414905
0.412919
0.060591
0.051130
0.085726
0.051200
0.145970
0.051055
0.117083
0.054777
0.498898
0.139209
0.075681
0.091944
0.050920
0.098010
0.069473
0.488217
0.070582
0.085484
0.057668
0.055738
0.069731
0.054005
0.427363
0.061765
0.054330
0.051886
0.412801
0.069136
0.074802
0.125266
0.088087
0.070625
0.064742
0.078012
0.070453
0.089591
0.089538
0.055428
0.050239
0.221060
0.496434
0.131119
0.212001
0.072396
0.119675
0.200082
0.417809
0.235210
0.062272
0.118688
0.216698
0.050931
0.455816
0.136807
0.077078
0.050257
0.095646
0.075511
0.108521
0.099603
0.056073
0.050653
0.050059
0.452798
0.093302
0.063789
0.068493
0.069716
0.153204
0.063260
0.155704
0.466482
0.055213
0.091981
0.053097
0.076378
0.051889
0.097685
0.060789
0.227095
0.079083
0.050019
0.475276
0.401237
0.079110
0.054455
0.480094
0.489571
0.055035
0.128902
0.135414
0.056990
0.219439
0.074829
0.118026
0.133613
0.349471
0.341871
0.173492
0.129783
0.119520
0.434813
0.083857
0.082144
0.082117
0.050123
0.079172
0.058906
0.269983
0.057514
0.078027
0.120015
0.129685
0.083827
0.414816
0.290362
0.475876
0.211622
0.072426
0.141022
0.077530
0.055313
0.387941
0.159055
0.086927
0.077682
0.080964
0.079586
0.052553
0.060205
0.054575
0.063088
0.102161
0.063369
0.078898
0.107578
0.057802
0.240715
0.061840
0.058769
0.301330
0.069117
0.489617
0.062518
0.471922
0.147669
0.463199
0.163541
0.051708
0.065243
0.494902
0.121920
0.052905
0.459624
0.071402
0.399841
0.392642
0.255118
0.068936
0.066134
0.072370
0.481979
0.186197
0.229003
0.481646
0.411323
0.060534
0.171257
0.170785
0.077534
0.055924
0.050842
0.136855
0.171562
0.052064
0.479458
0.093214
0.296113
0.092660
0.089528
0.050542
0.150284
0.190400
0.177497
0.313782
0.177205
0.100333
0.084221
0.061661
0.050702
0.090858
0.090251
0.050440
0.140021
0.076144
0.091774
0.133200
0.083340
0.093998
0.117657
0.068273
0.276501
0.061250
0.219957
0.087968
0.144139
0.163318
0.176388
0.168846
0.063825
0.070102
0.105542
0.097799
0.232671
0.329533
0.234828
0.054585
0.055284
0.139056
0.126496
0.487050
0.050950
0.099441
0.122298
0.094048
0.067507
0.422693
0.439313
0.054552
0.073364
0.051776
0.112532
0.051780
0.297263
0.486416
0.392809
0.456561
0.059276
0.320994
0.081168
0.108880
0.058720
0.079332
0.211218
0.073857
0.181677
0.124286
0.089067
0.478953
0.133695
0.499772
0.149736
0.050643
0.285020
0.068046
0.053425
0.056853
0.106628
0.056829
0.420687
0.109119
0.054924
0.104503
0.196190
0.050900
0.053236
0.211431
0.383865
0.383406
0.060176
0.128358
0.113535
0.051890
0.069464
0.060103
0.072803
0.050486
0.096246
0.122236
0.100447
0.397919
0.110001
0.448469
0.492053
0.119622
0.427776
0.068451
0.050686
0.095645
0.417909
0.071601
0.104366
0.207739
0.087696
0.334022
0.050446
0.361967
0.111403
0.059974
0.110491
0.202900
0.050866
0.079068
0.089736
0.250229
0.476333
0.388103
0.365577
0.081705
0.140001
0.071761
0.100858
0.467851
0.395173
0.104158
0.233405
0.076097
0.270377
0.084183
0.057128
0.090378
0.071379
0.061123
0.125080
0.130685
0.123672
0.188865
0.198874
0.069221
0.313249
0.050346
0.061711
0.065341
0.113754
0.117922
0.452206
0.256112
0.255128
0.120859
0.050146
0.275607
0.080504
0.106848
0.106008
0.075191
0.055105
0.171932
0.062908
0.077183
0.072429
0.068321
0.071785
0.066016
0.165847
0.159397
0.061360
0.125792
0.066575
0.091721
0.456665
0.456745
0.163523
0.108522
0.467935
0.074805
0.052071
0.064165
0.073509
0.053612
0.114916
0.465015
0.462133
0.093839
0.079253
0.065119
0.087308
0.184383
0.404644
0.059327
0.106286
0.086285
0.061638
0.058045
0.331021
0.104824
0.070783
0.406059
0.168396
0.058760
0.189100
0.175780
0.102023
0.052270
0.066196
0.138399
0.058532
0.078140
0.069466
0.069050
0.125695
0.128113
0.366745
0.128267
0.136880
0.069662
0.054957
0.149139
0.054182
0.063203
0.346882
0.115136
0.087159
0.063948
0.201491
0.198288
0.188136
0.057782
0.106478
0.166412
0.154382
0.081165
0.106592
0.452076
0.143165
0.111710
0.096560
0.119939
0.280181
0.143014
0.065579
0.432844
0.098038
0.097821
0.095104
0.132385
0.111880
0.114727
0.070493
0.081482
0.110504
0.289462
0.078278
0.062617
0.181820
0.147638
0.072899
0.429892
0.054926
0.081761
0.131102
0.076906
0.273986
0.061202
0.066450
0.106177
0.129976
0.069138
0.071023
0.053504
0.062866
0.135447
0.139294
0.058250
0.058351
0.244793
0.245237
0.162800
0.136312
0.061759
0.059948
0.360539
0.411937
0.102738
0.197498
0.062439
0.486143
0.072509
0.054076
0.435058
0.247850
0.083916
0.055769
0.082449
0.075521
0.071327
0.081017
0.091765
0.050238
0.291904
0.397550
0.327082
0.060774
0.051512
0.129939
0.104266
0.451172
0.066376
0.060449
0.144795
0.180304
0.112103
0.072495
0.444283
0.079238
0.119782
0.231374
0.217361
0.444102
0.058756
0.125037
0.088784
0.074617
0.219494
0.102429
0.229566
0.211215
0.086072
0.235925
0.102244
0.127929
0.100030
0.085638
0.066430
0.053777
0.134065
0.062339
0.056619
0.175248
0.057715
0.380908
0.228643
0.076533
0.081151
0.389209
0.053412
0.074391
0.258315
0.240193
0.248027
0.119030
0.134353
0.104800
0.073781
0.079147
0.475866
0.170567
0.103485
0.108991
0.073744
0.126241
0.061645
0.323585
0.326728
0.090003
0.056604
0.058503
0.298767
0.084501
0.053775
0.088103
0.106372
0.285874
0.295331
0.066968
0.054568
0.259771
0.171571
0.175884
0.100213
0.104135
0.068282
0.175964
0.346399
0.053070
0.073528
0.096791
0.091477
0.188495
0.086058
0.102123
0.052649
0.152848
0.052137
0.090560
0.296342
0.051109
0.426643
0.155445
0.119554
0.086852
0.056176
0.077460
0.078486
0.052121
0.088437
0.099085
0.097408
0.058471
0.060111
0.105794
0.074103
0.077057
0.468136
0.053851
0.130132
0.062373
0.050048
0.091318
0.122051
0.173316
0.146313
0.201933
0.088269
0.283514
0.051359
0.058512
0.441918
0.070848
0.150928
0.125539
0.077280
0.231359
0.092415
0.102974
0.067699
0.498670
0.168495
0.091776
0.092650
0.143562
0.091535
0.056360
0.056763
0.108062
0.058658
0.053397
0.193745
0.050291
0.168604
0.064968
0.144813
0.126595
0.148410
0.127678
0.075180
0.163286
0.111998
0.058779
0.055335
0.058532
0.117323
0.295151
0.051505
0.084520
0.094338
0.078772
0.051805
0.093072
0.264783
0.213060
0.050445
0.263298
0.069297
0.136486
0.063415
0.198098
0.111999
0.089704
0.487561
0.140552
0.059324
0.093058
0.057309
0.071283
0.305820
0.076389
0.053670
0.062047
0.253071
0.398455
0.064569
0.056310
0.065400
0.193626
0.097202
0.069362
0.066027
0.055882
0.080881
0.236217
0.051377
0.115386
0.423773
0.050120
0.060456
0.277089
0.078589
0.052767
0.155661
0.495690
0.291068
0.482750
0.206913
0.066250
0.067834
0.116119
0.062319
0.073580
0.450465
0.111757
0.109389
0.068922
0.171221
0.057646
0.085479
0.111614
0.140404
0.103712
0.062860
0.095366
0.061870
0.062797
0.051066
0.055706
0.058952
0.094157
0.050269
0.058027
0.265896
0.441986
0.138974
0.076704
0.055262
0.092447
0.109737
0.373645
0.080490
0.121198
0.097402
0.059720
0.388622
0.105973
0.055325
0.105775
0.489718
0.068985
0.058016
0.131796
0.077256
0.058821
0.176675
0.126964
0.076005
0.079712
0.098737
0.239140
0.095205
0.121261
0.286382
0.180800
0.225721
0.067348
0.072121
0.071922
0.054541
0.070688
0.083524
0.114112
0.056106
0.069917
0.050819
0.060384
0.149234
0.053245
0.163586
0.098807
0.199654
0.068898
0.140534
0.183329
0.078857
0.083939
0.116656
0.119029
0.060552
0.084061
0.436005
0.440142
0.076313
0.326485
0.056505
0.311156
0.077353
0.064461
0.263895
0.436023
0.125850
0.483931
0.424619
0.069880
0.084712
0.076193
0.219485
0.200207
0.219026
0.121609
0.454200
0.233893
0.253666
0.129455
0.230683
0.072960
0.064440
0.170817
0.076939
0.119671
0.236264
0.050627
0.465785
0.283401
0.231236
0.295450
0.489393
0.267962
0.083199
0.080167
0.061612
0.061252
0.082234
0.058807
0.058652
0.053498
0.061524
0.383669
0.419623
0.062429
0.158926
0.079502
0.064385
0.249964
0.468439
0.186401
0.089275
0.109442
0.084959
0.058223
0.096340
0.142105
0.069624
0.267126
0.398139
0.332737
0.498443
0.438336
0.051658
0.096076
0.077027
0.078019
0.333824
0.054417
0.314878
0.243839
0.160249
0.445017
0.112594
0.220147
0.056643
0.120137
0.101934
0.057920
0.276747
0.499657
0.278962
0.134742
0.222813
0.214699
0.239128
0.236096
0.158270
0.100704
0.138162
0.291108
0.225975
0.078029
0.126125
0.060055
0.143403
0.158366
0.200622
0.221822
0.131024
0.220635
0.063441
0.056589
0.059248
0.084990
0.379123
0.094600
0.442309
0.274975
0.067443
0.059110
0.073964
0.131813
0.201811
0.304043
0.122236
0.050725
0.138791
0.231792
0.498518
0.147899
0.182143
0.055055
0.229607
0.215330
0.067123
0.405168
0.365810
0.053830
0.058878
0.303160
0.445536
0.371338
0.138525
0.320494
0.096507
0.069159
0.152353
0.062500
0.235237
0.060062
0.170859
0.074753
0.136858
0.378448
0.066644
0.088232
0.408150
0.084610
0.082035
0.085845
0.091969
0.211227
0.109924
0.078938
0.051838
0.057914
0.051537
0.141174
0.058535
0.236364
0.254309
0.393685
0.085915
0.410074
0.061473
0.059108
0.352685
0.160180
0.180583
0.292858
0.080031
0.227706
0.351492
0.056581
0.078052
0.138999
0.095464
0.230725
0.055395
0.057584
0.054063
0.083154
0.056210
0.279279
0.064619
0.480806
0.052377
0.098710
0.051590
0.158967
0.082286
0.059168
0.059440
0.208764
0.182095
0.183210
0.060338
0.438049
0.050291
0.173102
0.082156
0.476142
0.132614
0.091421
0.140860
0.092374
0.143394
0.118189
0.071566
0.052515
0.237816
0.074569
0.059236
0.435447
0.061849
0.064495
0.055900
0.050817
0.093180
0.127236
0.076196
0.054436
0.139689
0.125620
0.315754
0.058867
0.070606
0.098395
0.108860
0.331114
0.489227
0.122581
0.075473
0.060557
0.054141
0.087789
0.096001
0.271554
0.085601
0.497143
0.209716
0.357600
0.087096
0.267208
0.101055
0.051781
0.355960
0.222284
0.496554
0.079450
0.167333
0.252268
0.095825
0.058774
0.056262
0.117764
0.254943
0.158596
0.057761
0.089187
0.483669
0.090659
0.063294
0.054399
0.123451
0.117193
0.062115
0.182162
0.077651
0.145501
0.257693
0.089295
0.132166
0.359840
0.219902
0.434715
0.191157
0.497201
0.071240
0.320863
0.255955
0.464205
0.068959
0.059376
0.264885
0.101774
0.189724
0.099793
0.125263
0.140417
0.103892
0.115871
0.051553
0.298547
0.268618
0.126290
0.311670
0.129587
0.070579
0.056931
0.429940
0.059902
0.127899
0.108043
0.053883
0.168030
0.164100
0.124517
0.072313
0.248522
0.279081
0.280218
0.141238
0.069565
0.181400
0.122695
0.050290
0.484641
0.089227
0.228546
0.055185
0.149301
0.254924
0.095137
0.051653
0.126760
0.064067
0.419143
0.358595
0.320429
0.117020
0.153811
0.155522
0.050835
0.380755
0.144948
0.082090
0.133726
0.091474
0.198296
0.487532
0.363844
0.358564
0.486508
0.069450
0.057702
0.143952
0.483420
0.079714
0.203589
0.063339
0.078315
0.082664
0.055727
0.055205
0.052854
0.157893
0.219950
0.126395
0.117639
0.223846
0.050800
0.098935
0.144527
0.493390
0.062006
0.153736
0.070243
0.113652
0.429044
0.084408
0.124812
0.095258
0.234465
0.065293
0.239307
0.154756
0.060676
0.357384
0.104279
0.103899
0.069571
0.226604
0.328730
0.208916
0.060739
0.052345
0.127183
0.060641
0.092512
0.109233
0.069386
0.063384
0.261325
0.170567
0.337370
0.052969
0.181232
0.054485
0.051789
0.051581
0.156392
0.366780
0.147157
0.053064
0.061326
0.448778
0.078975
0.055164
0.203655
0.081968
0.056259
0.268026
0.084694
0.065963
0.492973
0.125138
0.068875
0.121729
0.107115
0.304001
0.068764
0.080526
0.080089
0.050169
0.192750
0.173225
0.244556
0.053831
0.426527
0.090973
0.115933
0.129788
0.057886
0.183789
0.473293
0.059553
0.327920
0.066787
0.055333
0.197215
0.151822
0.055037
0.065168
0.062159
0.489216
0.226407
0.101837
0.163442
0.479318
0.479362
0.351642
0.082329
0.162081
0.442728
0.160908
0.162236
0.330029
0.063446
0.182518
0.102130
0.183289
0.285530
0.466036
0.129471
0.104126
0.272174
0.236251
0.084286
0.079304
0.108748
0.057887
0.055214
0.163434
0.167600
0.123144
0.243666
0.130016
0.476129
0.431918
0.432468
0.068103
0.198881
0.065477
0.085248
0.287585
0.083229
0.068735
0.094137
0.160422
0.407218
0.139315
0.380278
0.214077
0.362512
0.455536
0.053051
0.062313
0.205589
0.098907
0.100405
0.104976
0.127419
0.052986
0.109925
0.078266
0.278505
0.110400
0.054523
0.060958
0.477944
0.460520
0.120428
0.151845
0.052490
0.424237
0.108281
0.279196
0.204114
0.140731
0.139056
0.478040
0.078911
0.091714
0.407072
0.403278
0.176566
0.191010
0.056522
0.060668
0.077957
0.421314
0.406975
0.246351
0.259745
0.366764
0.069202
0.203899
0.063829
0.103491
0.072014
0.143209
0.113143
0.072072
0.050671
0.209664
0.301806
0.078639
0.156198
0.050514
0.363855
0.296612
0.062180
0.073160
0.438036
0.436587
0.215562
0.065537
0.071198
0.139546
0.111921
0.111758
0.064666
0.487991
0.156344
0.097617
0.107319
0.061114
0.243807
0.131769
0.370742
0.166614
0.157249
0.096427
0.389955
0.344003
0.403257
0.222148
0.056211
0.133924
0.110250
0.136069
0.239494
0.050231
0.050647
0.080026
0.394863
0.064953
0.497427
0.158767
0.085167
0.089092
0.061453
0.144227
0.176418
0.403236
0.117445
0.260860
0.123605
0.064894
0.062917
0.213820
0.072784
0.088469
0.081687
0.088153
0.053261
0.180127
0.053411
0.084647
0.081187
0.494604
0.071017
0.094653
0.072770
0.086988
0.191128
0.087058
0.365510
0.071703
0.392869
0.357706
0.153365
0.129330
0.408679
0.051531
0.067716
0.060668
0.052385
0.077223
0.077207
0.209437
0.154937
0.062698
0.074447
0.057159
0.056512
0.050612
0.088135
0.050230
0.055099
0.203651
0.192439
0.426721
0.103511
0.225585
0.072622
0.119688
0.086584
0.098189
0.078274
0.116956
0.061154
0.115001
0.060492
0.318424
0.188889
0.235380
0.120791
0.315396
0.124118
0.094616
0.163711
0.346933
0.054023
0.144383
0.064228
0.303646
0.067050
0.124889
0.106695
0.052825
0.449995
0.066542
0.476569
0.386719
0.071401
0.072207
0.106061
0.238887
0.056143
0.215263
0.147517
0.190970
0.193624
0.226504
0.071004
0.057668
0.064463
0.122033
0.080727
0.346175
0.499405
0.140075
0.450413
0.072882
0.146040
0.116282
0.092388
0.103134
0.181650
0.135058
0.077386
0.084839
0.060797
0.147986
0.481481
0.332386
0.109372
0.136119
0.214996
0.054080
0.055614
0.253505
0.238817
0.055328
0.185669
0.073856
0.202155
0.403158
0.067690
0.069691
0.141522
0.054432
0.153541
0.084675
0.050536
0.221795
0.079276
0.059821
0.240492
0.082518
0.359021
0.388953
0.381227
0.412847
0.114614
0.054022
0.496301
0.442135
0.294030
0.477503
0.482458
0.052840
0.109645
0.103093
0.217989
0.060303
0.258283
0.073325
0.074021
0.155451
0.113868
0.264429
0.160173
0.141237
0.134380
0.140078
0.062189
0.053869
0.055700
0.080952
0.075337
0.054518
0.062036
0.214591
0.355281
0.286999
0.330427
0.085475
0.134551
0.101735
0.203325
0.073394
0.167929
0.084021
0.070209
0.193482
0.175163
0.066708
0.057398
0.063527
0.383418
0.386758
0.196681
0.266583
0.471847
0.442149
0.055640
0.062389
0.146759
0.095717
0.145675
0.185544
0.065920
0.404968
0.120170
0.154555
0.391323
0.103844
0.071009
0.334379
0.078234
0.052461
0.062390
0.056879
0.051713
0.377432
0.382943
0.052663
0.050614
0.337410
0.066574
0.077468
0.332158
0.321664
0.488825
0.201937
0.215652
0.050645
0.495668
0.486984
0.135998
0.475761
0.084346
0.160627
0.058430
0.072376
0.079096
0.492524
0.435640
0.309215
0.261474
0.050692
0.432459
0.111869
0.429155
0.067943
0.063892
0.065527
0.423732
0.051724
0.138427
0.059426
0.456743
0.439900
0.295308
0.434668
0.485500
0.077017
0.075856
0.056731
0.302220
0.104669
0.050808
0.094608
0.051938
0.050137
0.392035
0.110452
0.083886
0.306033
0.131187
0.084211
0.417592
0.086543
0.051361
0.096070
0.057670
0.154174
0.083530
0.156233
0.185473
0.174327
0.497981
0.351825
0.176416
0.186618
0.064289
0.060051
0.140364
0.091033
0.433047
0.121074
0.316380
0.419026
0.250232
0.414851
0.397116
0.078509
0.061889
0.060954
0.093342
0.491320
0.097931
0.453780
0.119980
0.169436
0.057502
0.211549
0.160630
0.058332
0.058535
0.181118
0.105993
0.050546
0.108899
0.194019
0.088315
0.091543
0.113974
0.112890
0.270739
0.376334
0.372652
0.224967
0.088216
0.050492
0.060032
0.258413
0.455088
0.165036
0.303101
0.298548
0.102499
0.114958
0.090571
0.103464
0.079540
0.061337
0.073673
0.073464
0.384428
0.103461
0.386367
0.379336
0.119701
0.104803
0.418224
0.088881
0.129669
0.067067
0.096201
0.458025
0.313627
0.052235
0.170038
0.080542
0.085166
0.054480
0.104079
0.444524
0.066342
0.353483
0.170372
0.062515
0.117778
0.332725
0.361908
0.369409
0.176406
0.106260
0.123025
0.066763
0.124853
0.056588
0.448288
0.146050
0.061389
0.055806
0.288109
0.287742
0.064951
0.184684
0.435279
0.368728
0.479229
0.074139
0.085659
0.110083
0.091297
0.176196
0.084719
0.205353
0.424555
0.101418
0.351583
0.084407
0.205460
0.478493
0.169510
0.295092
0.060723
0.369976
0.125229
0.267403
0.352603
0.252861
0.441619
0.439028
0.087857
0.186249
0.063401
0.053903
0.054602
0.085265
0.051620
0.299064
0.051008
0.170285
0.495456
0.064798
0.172855
0.497025
0.257137
0.371710
0.073493
0.065037
0.109966
0.107791
0.050013
0.141852
0.188016
0.131413
0.268408
0.120821
0.059302
0.355287
0.053085
0.080657
0.128631
0.439267
0.051435
0.373549
0.072299
0.151749
0.192803
0.074605
0.076847
0.324277
0.064098
0.183159
0.062035
0.080487
0.381454
0.150491
0.243883
0.183532
0.076439
0.234352
0.072626
0.228750
0.096969
0.221244
0.493638
0.499474
0.136757
0.078306
0.114617
0.136129
0.268262
0.291435
0.421704
0.495494
0.180104
0.120202
0.458585
0.165689
0.070762
0.469165
0.050736
0.062471
0.133095
0.098682
0.366738
0.318717
0.319520
0.059738
0.165835
0.412603
0.297867
0.111523
0.099486
0.057707
0.485309
0.460308
0.093295
0.093050
0.079991
0.057258
0.287800
0.081729
0.402514
0.428000
0.105494
0.089745
0.133642
0.055891
0.154009
0.082270
0.077302
0.283917
0.081887
0.052664
0.070322
0.052587
0.408223
0.464261
0.224424
0.340301
0.106715
0.057446
0.078314
0.087317
0.230610
0.088093
0.179142
0.063845
0.361048
0.395480
0.088203
0.067562
0.084255
0.084326
0.346406
0.054783
0.092060
0.062075
0.109748
0.057804
0.120241
0.087632
0.083070
0.082131
0.185025
0.214591
0.056952
0.496614
0.054219
0.115510
0.109745
0.103204
0.063172
0.073830
0.435931
0.060882
0.059500
0.462986
0.160464
0.070765
0.053878
0.250862
0.098484
0.110200
0.130946
0.475207
0.068887
0.087819
0.101824
0.406163
0.248524
0.161703
0.052545
0.169801
0.159148
0.159380
0.168788
0.133914
0.195756
0.372648
0.055004
0.086463
0.427005
0.104518
0.226199
0.084241
0.440551
0.081278
0.140149
0.464844
0.381053
0.053903
0.395482
0.217718
0.064343
0.107230
0.241416
0.114152
0.135393
0.057878
0.186433
0.175748
0.056917
0.051760
0.104035
0.116927
0.395683
0.061732
0.100835
0.105563
0.091422
0.393347
0.412654
0.388439
0.323110
0.141322
0.141316
0.497379
0.260826
0.109396
0.093426
0.082789
0.050470
0.062758
0.130819
0.057520
0.304919
0.414480
0.268521
0.138426
0.392232
0.258102
0.162247
0.071608
0.248843
0.055583
0.097167
0.076783
0.130505
0.418135
0.051126
0.105412
0.407106
0.283187
0.419372
0.358009
0.093487
0.076266
0.179451
0.496184
0.499241
0.056536
0.313718
0.407319
0.148303
0.132345
0.474002
0.156517
0.086788
0.076140
0.276623
0.115175
0.298773
0.366042
0.125198
0.198936
0.196429
0.059381
0.404020
0.056762
0.125299
0.365498
0.365493
0.454170
0.086950
0.057913
0.236940
0.131630
0.132518
0.053409
0.067218
0.077287
0.126875
0.223750
0.095211
0.077638
0.056414
0.067373
0.418137
0.072527
0.088820
0.239864
0.463079
0.068433
0.128202
0.180799
0.268435
0.143215
0.072893
0.084454
0.244300
0.102878
0.052455
0.105680
0.061875
0.075079
0.071398
0.184236
0.094687
0.189682
0.097120
0.075350
0.325086
0.187039
0.064753
0.200740
0.051384
0.054389
0.205742
0.108758
0.070774
0.212845
0.188604
0.180761
0.119040
0.054945
0.097342
0.311038
0.053867
0.061142
0.062512
0.054409
0.051195
0.156853
0.216204
0.206296
0.360314
0.054949
0.070006
0.217190
0.051283
0.128216
0.488660
0.056448
0.473282
0.055634
0.282640
0.184056
0.130218
0.077002
0.082583
0.283804
0.306588
0.177377
0.086407
0.127366
0.413406
0.073957
0.059289
0.091798
0.135772
0.058264
0.242163
0.062498
0.411404
0.491400
0.076463
0.051827
0.131903
0.078217
0.462679
0.087365
0.052105
0.232979
0.240578
0.159471
0.065675
0.056616
0.050561
0.107427
0.103036
0.072186
0.096922
0.218736
0.179343
0.336124
0.074978
0.495368
0.201456
0.101304
0.104998
0.351890
0.093679
0.072928
0.174982
0.063188
0.085424
0.070585
0.064237
0.094239
0.082439
0.090784
0.176475
0.113941
0.062313
0.176086
0.060628
0.190304
0.075968
0.440651
0.062898
0.116393
0.051546
0.058655
0.173841
0.073963
0.054606
0.064121
0.210171
0.210026
0.091363
0.153902
0.055960
0.191395
0.056820
0.448367
0.116438
0.147079
0.256380
0.333762
0.141929
0.086514
0.222746
0.111369
0.239733
0.128111
0.114382
0.054490
0.060745
0.072174
0.057862
0.096356
0.055924
0.100790
0.146971
0.143014
0.223607
0.224779
0.158716
0.358378
0.052979
0.084437
0.056576
0.062382
0.159722
0.134717
0.467716
0.123720
0.164598
0.050881
0.116329
0.072619
0.249480
0.120703
0.104288
0.079306
0.057889
0.107560
0.256920
0.063993
0.203807
0.075558
0.064479
0.121480
0.138252
0.056653
0.092311
0.092458
0.075539
0.133682
0.187844
0.069597
0.274848
0.069799
0.159015
0.059763
0.100862
0.394770
0.279226
0.064794
0.072427
0.308467
0.292861
0.055846
0.064624
0.122458
0.473688
0.115080
0.190983
0.392787
0.216638
0.277184
0.349902
0.178273
0.072905
0.129408
0.329233
0.073172
0.138969
0.413160
0.058218
0.062297
0.132238
0.406975
0.342970
0.078415
0.102263
0.073645
0.089121
0.122227
0.262558
0.105303
0.061095
0.051441
0.305009
0.100420
0.077049
0.113079
0.106212
0.127051
0.175422
0.078549
0.060651
0.055777
0.084302
0.137189
0.267007
0.444480
0.240679
0.104133
0.443507
0.484460
0.063031
0.067223
0.094979
0.178941
0.103958
0.056861
0.275433
0.081100
0.113349
0.059882
0.080318
0.073505
0.284222
0.054965
0.071546
0.306931
0.081596
0.196271
0.056040
0.216355
0.334306
0.077267
0.058908
0.448512
0.415723
0.438054
0.177112
0.060675
0.050811
0.096421
0.103259
0.105993
0.061748
0.229000
0.262669
0.102948
0.144170
0.071063
0.329053
0.467178
0.483430
0.064868
0.051140
0.055583
0.427591
0.062162
0.497384
0.123649
0.123922
0.183533
0.206796
0.056237
0.110653
0.068114
0.171171
0.249966
0.168305
0.449257
0.104112
0.422659
0.345635
0.448512
0.202253
0.462682
0.055787
0.124103
0.198782
0.083113
0.449723
0.242083
0.412696
0.241672
0.147606
0.148173
0.269177
0.087886
0.296119
0.364170
0.061296
0.488241
0.212317
0.057239
0.228884
0.482020
0.145409
0.218103
0.120469
0.478764
0.276809
0.105389
0.055038
0.201982
0.463402
0.060990
0.063982
0.063562
0.068173
0.050319
0.140583
0.355476
0.336676
0.067810
0.108076
0.052352
0.077594
0.167210
0.058022
0.181620
0.133539
0.328099
0.092279
0.168343
0.050172
0.079964
0.076603
0.160441
0.066598
0.112563
0.110757
0.282927
0.051252
0.404968
0.067675
0.252569
0.150169
0.073533
0.057260
0.138940
0.063165
0.213712
0.204691
0.084731
0.079327
0.086395
0.372339
0.075395
0.157453
0.157175
0.093099
0.050734
0.052317
0.113410
0.108759
0.093349
0.493507
0.101723
0.261376
0.175610
0.072642
0.196897
0.411033
0.073393
0.067097
0.053084
0.080007
0.438182
0.492334
0.133774
0.244487
0.124020
0.397983
0.057987
0.053996
0.050544
0.146841
0.070367
0.062270
0.255283
0.170345
0.169806
0.138855
0.093957
0.081996
0.375217
0.051286
0.061811
0.134947
0.083628
0.473492
0.240075
0.084234
0.156501
0.286091
0.075660
0.461595
0.070437
0.064077
0.082861
0.198238
0.229284
0.069522
0.155465
0.061047
0.226993
0.122900
0.408291
0.069592
0.261781
0.064595
0.066249
0.425878
0.345726
0.425259
0.237764
0.336619
0.292319
0.053912
0.079907
0.272239
0.369690
0.150444
0.152874
0.286318
0.454130
0.050434
0.118917
0.112542
0.165342
0.194107
0.147873
0.180106
0.117808
0.095899
0.100356
0.142020
0.198407
0.141378
0.067754
0.075337
0.254076
0.083341
0.123591
0.083226
0.212279
0.084789
0.079851
0.269443
0.197483
0.056622
0.058737
0.068596
0.227904
0.356045
0.061645
0.067955
0.386921
0.114904
0.380207
0.151624
0.058491
0.449343
0.290277
0.061638
0.432951
0.227212
0.361657
0.295213
0.071321
0.496177
0.291087
0.183154
0.063805
0.442120
0.446056
0.255021
0.477689
0.465976
0.103581
0.159849
0.083548
0.142969
0.144924
0.475656
0.071854
0.241098
0.171663
0.079692
0.174000
0.214184
0.093418
0.050200
0.320008
0.158471
0.159037
0.331429
0.192269
0.237359
0.132276
0.087925
0.339718
0.440148
0.317924
0.352221
0.260942
0.355279
0.373453
0.095373
0.423055
0.087539
0.100369
0.071536
0.064272
0.315680
0.392313
0.169765
0.054440
0.076488
0.096761
0.368780
0.237756
0.488613
0.417912
0.059373
0.229793
0.114315
0.065473
0.154093
0.162773
0.105838
0.085280
0.093123
0.084513
0.082638
0.200464
0.092472
0.052777
0.495284
0.314084
0.352849
0.115580
0.230220
0.246401
0.182249
0.376992
0.366756
0.135029
0.429143
0.298803
0.051813
0.463012
0.459091
0.098703
0.080699
0.091651
0.112831
0.055642
0.405634
0.310565
0.256640
0.246946
0.147917
0.138620
0.104827
0.069341
0.073186
0.109861
0.451197
0.391311
0.252962
0.150004
0.076634
0.053396
0.171432
0.069346
0.171432
0.088411
0.145104
0.459897
0.467732
0.396137
0.056088
0.076092
0.136122
0.387725
0.118932
0.396014
0.345682
0.250390
0.187763
0.328703
0.198402
0.057431
0.483430
0.077614
0.413931
0.087045
0.172727
0.132561
0.266315
0.463410
0.081141
0.392012
0.394054
0.401046
0.439308
0.321407
0.252453
0.485198
0.079127
0.116359
0.116492
0.053425
0.060762
0.157195
0.050884
0.192148
0.408743
0.066572
0.053646
0.064078
0.281902
0.288648
0.095848
0.061014
0.055367
0.328926
0.144182
0.483944
0.119986
0.237248
0.253489
0.469620
0.313814
0.484282
0.068026
0.202527
0.059833
0.083822
0.065594
0.068452
0.052472
0.320180
0.407627
0.086030
0.181383
0.413123
0.078670
0.381458
0.416240
0.097668
0.093666
0.267349
0.182710
0.498229
0.177616
0.094715
0.070272
0.302270
0.052261
0.226269
0.053465
0.108875
0.051107
0.186501
0.073707
0.065374
0.339790
0.097992
0.427237
0.059630
0.092129
0.099663
0.409099
0.276270
0.487837
0.097579
0.081980
0.303032
0.119710
0.115317
0.133221
0.227656
0.250171
0.138507
0.131760
0.062720
0.117574
0.284539
0.146870
0.145059
0.212764
0.182338
0.432126
0.056899
0.435025
0.278769
0.424690
0.225396
0.093426
0.379321
0.138954
0.129295
0.064590
0.239893
0.067670
0.116278
0.072571
0.209466
0.335133
0.356551
0.231026
0.069603
0.304268
0.117631
0.187816
0.487282
0.230634
0.064560
0.144326
0.099772
0.381894
0.399538
0.245556
0.095811
0.446539
0.081579
0.064831
0.499368
0.111250
0.395215
0.320262
0.155908
0.312558
0.167046
0.272450
0.050037
0.419654
0.052526
0.100972
0.051982
0.095443
0.148468
0.064777
0.054219
0.055088
0.071795
0.053017
0.066916
0.441582
0.280241
0.077102
0.072218
0.071989
0.085918
0.151096
0.477995
0.061462
0.124772
0.196763
0.378502
0.096757
0.098601
0.226172
0.238690
0.067403
0.162231
0.091289
0.082865
0.074927
0.084716
0.091233
0.113200
0.121373
0.480097
0.055144
0.410730
0.051567
0.082640
0.475996
0.208916
0.053272
0.103656
0.102188
0.075938
0.077252
0.124960
0.073670
0.271524
0.302923
0.057382
0.445061
0.072735
0.379010
0.213722
0.074494
0.182439
0.245081
0.250429
0.430284
0.177338
0.195620
0.292901
0.293164
0.197412
0.080895
0.100413
0.097494
0.078634
0.060241
0.066302
0.056082
0.060600
0.050079
0.376698
0.103760
0.136229
0.149544
0.070918
0.073678
0.056360
0.068534
0.101511
0.116056
0.115141
0.195527
0.280245
0.117803
0.145532
0.083907
0.373505
0.189359
0.137834
0.496389
0.475762
0.133636
0.088663
0.487176
0.051412
0.179307
0.342355
0.065661
0.129815
0.086387
0.107877
0.093278
0.288370
0.473897
0.392442
0.115199
0.128071
0.053096
0.380753
0.370072
0.063388
0.064066
0.067489
0.304581
0.363381
0.137825
0.123298
0.313229
0.078165
0.471877
0.267976
0.194133
0.153018
0.264752
0.063384
0.099576
0.109201
0.056122
0.400899
0.161481
0.379823
0.095259
0.050373
0.054606
0.225217
0.498584
0.166043
0.402285
0.072040
0.071010
0.426121
0.056925
0.366194
0.066244
0.095160
0.468820
0.058389
0.070792
0.488685
0.492195
0.064391
0.313594
0.080320
0.468741
0.100693
0.100701
0.447755
0.096778
0.144270
0.065266
0.055848
0.163471
0.124671
0.101990
0.059514
0.057635
0.070800
0.226399
0.053063
0.082674
0.055520
0.427105
0.192740
0.406099
0.050174
0.454146
0.246387
0.397072
0.441051
0.068988
0.056795
0.058602
0.068277
0.415719
0.363995
0.171136
0.278817
0.096763
0.334543
0.084733
0.082477
0.087621
0.109226
0.342936
0.053425
0.062643
0.127078
0.055881
0.242498
0.075200
0.167156
0.058419
0.330523
0.069467
0.092423
0.088703
0.054656
0.372404
0.352548
0.078194
0.052729
0.096440
0.480065
0.075086
0.070837
0.087698
0.243902
0.193383
0.290983
0.076342
0.227674
0.174377
0.176961
0.484569
0.124670
0.159033
0.232337
0.329372
0.087750
0.083737
0.487508
0.347340
0.082549
0.182959
0.091401
0.053008
0.154688
0.092936
0.084110
0.051479
0.266238
0.091077
0.059318
0.051006
0.464947
0.404012
0.307405
0.089112
0.111348
0.269269
0.282654
0.084479
0.064115
0.074361
0.195239
0.087394
0.121630
0.057593
0.138013
0.366099
0.210597
0.055603
0.476486
0.150310
0.050062
0.489691
0.059281
0.122212
0.243267
0.359828
0.484663
0.135657
0.127087
0.057670
0.417209
0.055901
0.139856
0.238717
0.113158
0.114556
0.066045
0.059288
0.055476
0.071135
0.096632
0.490272
0.472403
0.356840
0.053306
0.079975
0.065766
0.304628
0.336622
0.290167
0.252303
0.065590
0.161894
0.118085
0.218891
0.246998
0.251972
0.194945
0.188013
0.412903
0.073083
0.088605
0.085006
0.068582
0.073173
0.350988
0.104809
0.225827
0.062487
0.291825
0.067808
0.160654
0.209318
0.052416
0.131244
0.066975
0.289357
0.290049
0.257314
0.143188
0.135097
0.458939
0.326392
0.053408
0.388824
0.386219
0.068298
0.397626
0.104047
0.066890
0.491828
0.077348
0.053989
0.175474
0.492361
0.080133
0.340594
0.389747
0.073263
0.353416
0.337743
0.092234
0.248814
0.140451
0.263796
0.237276
0.057808
0.467031
0.389250
0.053668
0.090646
0.296127
0.139346
0.059316
0.160737
0.113696
0.336232
0.359884
0.052410
0.409693
0.074148
0.123076
0.086133
0.087285
0.103995
0.056754
0.156383
0.065013
0.492595
0.051161
0.056792
0.072166
0.201480
0.406743
0.113544
0.084322
0.349562
0.221896
0.074472
0.104295
0.241288
0.478027
0.217566
0.188951
0.050609
0.105904
0.110181
0.276223
0.074906
0.080387
0.145454
0.078896
0.086265
0.331348
0.186748
0.060979
0.240852
0.153720
0.070863
0.113052
0.095729
0.130388
0.130722
0.374221
0.476496
0.465092
0.075721
0.389777
0.139429
0.085598
0.057446
0.448359
0.317000
0.086911
0.392342
0.238927
0.153298
0.463075
0.421645
0.455360
0.107043
0.123250
0.056441
0.104035
0.128026
0.075182
0.224307
0.071452
0.078723
0.088588
0.195970
0.053033
0.169004
0.397517
0.125369
0.494519
0.469247
0.450144
0.314793
0.341296
0.072553
0.159558
0.279893
0.334849
0.061650
0.455192
0.050054
0.082948
0.231050
0.471775
0.153980
0.373178
0.438897
0.423893
0.214425
0.075096
0.330053
0.104096
0.110624
0.293008
0.154818
0.381822
0.109842
0.106729
0.338840
0.352149
0.363831
0.078548
0.078103
0.073991
0.053924
0.078529
0.109308
0.420680
0.158901
0.070048
0.109904
0.052755
0.307781
0.140162
0.160046
0.417162
0.415589
0.409885
0.065109
0.114336
0.455457
0.293800
0.191129
0.154295
0.181188
0.311044
0.273593
0.100190
0.074078
0.084867
0.059071
0.050745
0.342676
0.065445
0.219168
0.294164
0.344977
0.481499
0.409750
0.464528
0.081221
0.191748
0.184758
0.232715
0.094695
0.178024
0.064219
0.076733
0.067390
0.450430
0.396580
0.115256
0.138776
0.429887
0.109342
0.188983
0.053387
0.460188
0.163038
0.309549
0.136551
0.404408
0.262795
0.071238
0.055463
0.167642
0.370726
0.387795
0.352282
0.299573
0.068462
0.400029
0.077502
0.308729
0.082468
0.060165
0.450157
0.457298
0.335716
0.143314
0.202882
0.462778
0.079800
0.420012
0.324295
0.333117
0.276495
0.108321
0.057563
0.063481
0.400655
0.069744
0.483427
0.073513
0.069316
0.396570
0.391741
0.068755
0.077916
0.063124
0.052669
0.496316
0.425946
0.079166
0.129763
0.435291
0.116673
0.363798
0.198471
0.238933
0.238110
0.462509
0.079019
0.060116
0.106152
0.068775
0.059697
0.061635
0.177638
0.161765
0.065842
0.146358
0.200803
0.269950
0.496798
0.072225
0.373908
0.302184
0.439687
0.274426
0.179299
0.443236
0.203039
0.086218
0.120757
0.436474
0.151952
0.139937
0.079485
0.153299
0.056644
0.343559
0.116930
0.188036
0.073034
0.202466
0.402948
0.056294
0.108096
0.481008
0.060951
0.050038
0.127543
0.052707
0.125088
0.055512
0.440690
0.121831
0.056787
0.080897
0.073061
0.055622
0.295411
0.159755
0.429966
0.055203
0.254336
0.284816
0.053169
0.073087
0.301907
0.444610
0.082684
0.219501
0.222947
0.184811
0.184851
0.067086
0.107351
0.064882
0.074437
0.251236
0.279227
0.057737
0.184974
0.062219
0.081578
0.068853
0.198240
0.160805
0.257853
0.085094
0.077275
0.428839
0.253695
0.133211
0.075752
0.065836
0.175213
0.090864
0.136013
0.104187
0.124435
0.416721
0.431640
0.113304
0.071570
0.280681
0.072272
0.082495
0.074580
0.438618
0.478336
0.433303
0.093040
0.171020
0.253994
0.364391
0.090819
0.366424
0.270909
0.085292
0.370774
0.192686
0.109548
0.115938
0.085141
0.101263
0.350961
0.164768
0.101028
0.110281
0.080111
0.075007
0.254701
0.324331
0.201636
0.362980
0.273016
0.101732
0.293090
0.050357
0.054963
0.466618
0.429441
0.120059
0.299668
0.081092
0.220293
0.152399
0.070419
0.439223
0.267456
0.105884
0.055027
0.490232
0.070203
0.091464
0.085186
0.310257
0.084943
0.358103
0.473002
0.183764
0.101704
0.090481
0.173205
0.491875
0.055904
0.055662
0.057849
0.443987
0.080933
0.107879
0.088859
0.333106
0.073553
0.338273
0.308005
0.333406
0.348978
0.130120
0.056612
0.472811
0.464762
0.455511
0.077429
0.189337
0.141265
0.478467
0.133675
0.209571
0.163618
0.071206
0.105169
0.187306
0.192505
0.189702
0.184528
0.085320
0.378364
0.455716
0.065418
0.074175
0.062561
0.430630
0.417440
0.123537
0.131650
0.281343
0.107773
0.057288
0.323838
0.419736
0.096804
0.214483
0.111041
0.069496
0.494333
0.053974
0.247322
0.234982
0.067383
0.206687
0.116879
0.303126
0.136732
0.060709
0.074565
0.071830
0.092036
0.348431
0.133693
0.134179
0.100761
0.078432
0.088833
0.080912
0.481436
0.251051
0.087389
0.076017
0.339051
0.323897
0.320147
0.109801
0.089096
0.086710
0.109470
0.167211
0.075715
0.105772
0.105623
0.421437
0.373700
0.055613
0.065551
0.069404
0.453485
0.069630
0.413559
0.344983
0.247735
0.087950
0.279840
0.246617
0.072556
0.377874
0.320035
0.082755
0.359829
0.052992
0.064243
0.211686
0.247479
0.366076
0.466185
0.235765
0.110590
0.401958
0.261472
0.059037
0.253708
0.430149
0.050715
0.092528
0.333088
0.405805
0.096405
0.489925
0.073754
0.059272
0.050026
0.323263
0.106954
0.053482
0.470936
0.114169
0.389241
0.081951
0.302249
0.429399
0.227390
0.196266
0.122652
0.258857
0.306234
0.063093
0.232084
0.226715
0.160332
0.073031
0.061086
0.491048
0.278658
0.293021
0.085084
0.439154
0.438574
0.174446
0.361951
0.055240
0.463260
0.287886
0.062819
0.051400
0.377503
0.091025
0.224659
0.076377
0.103964
0.050780
0.496982
0.070530
0.220455
0.212310
0.261254
0.134781
0.133234
0.332225
0.147558
0.077976
0.094478
0.374917
0.293269
0.316937
0.447982
0.474532
0.060043
0.485869
0.265835
0.473520
0.107279
0.450167
0.423180
0.383630
0.209054
0.106101
0.339804
0.071969
0.076130
0.055316
0.343280
0.161745
0.458869
0.287810
0.123804
0.407089
0.065705
0.249903
0.447438
0.365050
0.083353
0.152021
0.105530
0.317401
0.064878
0.086951
0.497635
0.098574
0.080441
0.222711
0.070990
0.051016
0.059049
0.051884
0.137825
0.492806
0.218979
0.073901
0.098082
0.181461
0.297694
0.051079
0.072158
0.055155
0.068546
0.077523
0.062608
0.060213
0.051350
0.066066
0.122850
0.428111
0.073345
0.493523
0.157185
0.412460
0.323670
0.274733
0.067282
0.237957
0.182328
0.138874
0.132018
0.071261
0.482022
0.112741
0.160275
0.125440
0.131059
0.062777
0.469257
0.477658
0.227337
0.499384
0.061423
0.475296
0.475362
0.358934
0.363327
0.057189
0.074688
0.454829
0.067834
0.454273
0.109686
0.168398
0.248722
0.451888
0.077939
0.463665
0.471137
0.434963
0.052303
0.211552
0.346842
0.499106
0.084035
0.335958
0.129560
0.127238
0.083042
0.062699
0.090735
0.074304
0.111419
0.241977
0.197583
0.177169
0.383541
0.058937
0.418579
0.236383
0.175386
0.066746
0.438007
0.050763
0.058207
0.282671
0.200834
0.061717
0.139306
0.148418
0.313286
0.050208
0.113212
0.093219
0.330150
0.399177
0.071954
0.114502
0.359132
0.139282
0.110732
0.051063
0.108570
0.089359
0.057721
0.215833
0.204715
0.494797
0.141504
0.106753
0.087552
0.079945
0.142526
0.139440
0.179333
0.231519
0.338354
0.208451
0.269764
0.237857
0.094613
0.110854
0.403379
0.226198
0.091791
0.060270
0.101807
0.265201
0.121128
0.102413
0.070703
0.076543
0.102554
0.320904
0.322737
0.348034
0.066104
0.137843
0.102991
0.050775
0.178652
0.217495
0.316372
0.322425
0.475886
0.103482
0.103813
0.065575
0.261825
0.123377
0.281145
0.455009
0.296582
0.455215
0.061812
0.078735
0.268968
0.213351
0.082990
0.073735
0.064406
0.081594
0.185109
0.287626
0.243576
0.122511
0.061981
0.463956
0.363831
0.381092
0.071980
0.132134
0.114544
0.099719
0.393889
0.393565
0.116439
0.053732
0.092754
0.050598
0.112530
0.057662
0.072396
0.153495
0.093663
0.490489
0.090470
0.250255
0.181474
0.274750
0.138973
0.405299
0.080393
0.269017
0.361224
0.141237
0.190795
0.112659
0.086677
0.168517
0.095687
0.112543
0.252228
0.333813
0.093203
0.413005
0.064944
0.274803
0.056581
0.056049
0.436243
0.075480
0.052841
0.471651
0.490246
0.453987
0.495054
0.497566
0.112341
0.391033
0.325958
0.310089
0.155504
0.328513
0.061960
0.116896
0.254851
0.367068
0.214333
0.142905
0.243438
0.119236
0.295830
0.483584
0.080212
0.194788
0.238489
0.109696
0.445926
0.063300
0.089647
0.062172
0.138884
0.476938
0.489819
0.272557
0.050195
0.063629
0.403812
0.083786
0.216192
0.118689
0.116355
0.474338
0.055103
0.345325
0.226258
0.061016
0.060151
0.070536
0.156292
0.367276
0.451039
0.341072
0.080261
0.254670
0.142279
0.216802
0.097461
0.458684
0.086359
0.323292
0.433117
0.230327
0.054382
0.110299
0.470642
0.207149
0.217649
0.194440
0.404339
0.350086
0.134891
0.109689
0.061871
0.052893
0.052436
0.205605
0.052018
0.125418
0.147215
0.443658
0.451124
0.212279
0.127128
0.075483
0.139773
0.152151
0.085719
0.090371
0.158046
0.405293
0.291337
0.053890
0.425681
0.170864
0.294783
0.142527
0.389478
0.456797
0.158340
0.090748
0.225382
0.435954
0.177495
0.111546
0.456864
0.124882
0.326628
0.470296
0.403763
0.144208
0.054221
0.093890
0.427312
0.427035
0.053007
0.076610
0.075935
0.417894
0.490599
0.487878
0.258672
0.309205
0.477680
0.086236
0.332742
0.416730
0.456791
0.497595
0.055388
0.210777
0.215370
0.113529
0.496949
0.474522
0.207749
0.053633
0.090787
0.362625
0.429041
0.084226
0.457951
0.072886
0.481558
0.067601
0.054448
0.056879
0.309369
0.066304
0.228959
0.420660
0.421197
0.052410
0.068554
0.116059
0.166863
0.256889
0.071732
0.050067
0.060382
0.052036
0.109163
0.054238
0.418129
0.204540
0.472375
0.479108
0.135093
0.071333
0.431344
0.073799
0.067431
0.212909
0.413797
0.355686
0.089474
0.103428
0.228434
0.134017
0.129887
0.105688
0.497956
0.462774
0.488253
0.112040
0.113805
0.367581
0.355540
0.377737
0.251041
0.058298
0.170463
0.132500
0.066474
0.060777
0.122148
0.404040
0.081470
0.461331
0.219809
0.158332
0.403494
0.127353
0.072897
0.415911
0.060933
0.414353
0.419297
0.478772
0.334965
0.207785
0.203669
0.071471
0.153711
0.063890
0.080254
0.089938
0.494505
0.196265
0.184281
0.307327
0.395084
0.093900
0.077909
0.135244
0.058809
0.476178
0.315375
0.393932
0.359032
0.073107
0.475912
0.340701
0.050852
0.221155
0.496366
0.067231
0.056200
0.387598
0.461008
0.162932
0.055629
0.314662
0.057734
0.476663
0.298419
0.415987
0.410089
0.222773
0.092304
0.119438
0.088318
0.092550
0.103595
0.076918
0.385576
0.247647
0.469896
0.253607
0.489753
0.087671
0.057275
0.461191
0.099704
0.101675
0.463523
0.353142
0.471636
0.063256
0.407942
0.058304
0.067979
0.101422
0.339752
0.426168
0.426371
0.418868
0.064825
0.297817
0.211239
0.426924
0.490839
0.404926
0.289943
0.438197
0.132629
0.126345
0.305783
0.052289
0.072978
0.053210
0.383096
0.438061
0.108982
0.308700
0.195923
0.062890
0.075334
0.127043
0.160062
0.079825
0.069046
0.083019
0.114927
0.181767
0.153398
0.050733
0.483535
0.260839
0.109451
0.349032
0.374694
0.171959
0.186752
0.072559
0.054612
0.089603
0.441981
0.091647
0.484470
0.328131
0.395328
0.243491
0.260766
0.054817
0.122884
0.376983
0.184528
0.283417
0.167660
0.055347
0.432236
0.458038
0.075213
0.240350
0.109812
0.453336
0.062373
0.072745
0.062068
0.486927
0.067448
0.456479
0.167420
0.138673
0.262701
0.164070
0.079636
0.425886
0.390212
0.407321
0.072979
0.097997
0.426685
0.095495
0.269521
0.489365
0.104005
0.055635
0.059068
0.058213
0.478330
0.094292
0.094961
0.062201
0.443454
0.254081
0.150991
0.057855
0.121655
0.407174
0.089896
0.427587
0.087912
0.073368
0.153213
0.328433
0.058563
0.145052
0.215765
0.336375
0.077957
0.058466
0.219886
0.072693
0.121779
0.109945
0.108921
0.061765
0.441163
0.182076
0.252452
0.374062
0.356020
0.068087
0.466609
0.318459
0.491697
0.069628
0.051060
0.083468
0.144558
0.144165
0.201905
0.349704
0.263829
0.055337
0.435776
0.477640
0.078426
0.267260
0.280525
0.474247
0.338852
0.328113
0.112091
0.187037
0.091751
0.097576
0.486333
0.142162
0.475806
0.103913
0.201893
0.064598
0.444158
0.451746
0.443024
0.271866
0.175989
0.098373
0.286386
0.121571
0.373842
0.098769
0.115715
0.062068
0.082599
0.099402
0.254979
0.054801
0.161645
0.367437
0.135073
0.064028
0.401674
0.096275
0.055672
0.309492
0.487133
0.291498
0.134631
0.438270
0.115406
0.397669
0.185427
0.074941
0.114742
0.159993
0.434410
0.109932
0.075934
0.468116
0.084733
0.264946
0.053722
0.399587
0.087472
0.063874
0.318446
0.093328
0.055060
0.054470
0.110079
0.252360
0.076179
0.169310
0.064581
0.094456
0.098224
0.369333
0.133974
0.400011
0.060824
0.428298
0.479085
0.111929
0.079337
0.375816
0.098799
0.358438
0.421197
0.117192
0.211580
0.429781
0.088162
0.152919
0.051529
0.411336
0.132950
0.198967
0.255123
0.071994
0.102939
0.101573
0.050985
0.069954
0.078638
0.094298
0.332760
0.435924
0.124110
0.295284
0.060627
0.077855
0.073622
0.485685
0.474565
0.451654
0.460538
0.496597
0.078607
0.076556
0.072123
0.141957
0.157982
0.091786
0.337776
0.179985
0.098656
0.435414
0.063282
0.090478
0.087921
0.056975
0.494858
0.059371
0.067230
0.052668
0.090980
0.153084
0.372956
0.457566
0.098623
0.099921
0.170991
0.152288
0.059482
0.087541
0.086239
0.065112
0.483016
0.096977
0.095328
0.315640
0.079322
0.093415
0.317609
0.331579
0.343695
0.082620
0.452417
0.352463
0.260405
0.432138
0.485823
0.479680
0.065583
0.397977
0.099698
0.444891
0.053762
0.463787
0.082243
0.060863
0.229994
0.089522
0.078922
0.267503
0.419488
0.311640
0.174673
0.231239
0.336814
0.092925
0.082377
0.054866
0.134799
0.057917
0.170124
0.283450
0.338453
0.080473
0.291165
0.462194
0.053712
0.363698
0.055680
0.094155
0.413714
0.053418
0.269032
0.366645
0.117018
0.123711
0.122122
0.387573
0.365046
0.051143
0.074274
0.132806
0.139654
0.059553
0.129414
0.315639
0.120507
0.495264
0.479589
0.215546
0.052262
0.087357
0.355932
0.337459
0.145134
0.313231
0.099154
0.259154
0.075241
0.111703
0.130750
0.448526
0.070828
0.088642
0.493045
0.057154
0.435115
0.365351
0.375363
0.088225
0.448207
0.063287
0.062659
0.335774
0.050432
0.051824
0.313585
0.054240
0.480700
0.427759
0.070545
0.279098
0.129975
0.053609
0.130036
0.064654
0.201588
0.151435
0.446649
0.172463
0.061646
0.346396
0.364642
0.297092
0.095174
0.412177
0.395699
0.079214
0.079533
0.060430
0.101568
0.377766
0.459812
0.062112
0.089711
0.115204
0.195067
0.086020
0.096901
0.113827
0.387845
0.192224
0.319334
0.068597
0.095778
0.067388
0.207670
0.112287
0.209128
0.070903
0.066437
0.079201
0.110625
0.111478
0.233191
0.304794
0.482456
0.068885
0.237339
0.464326
0.052265
0.126997
0.246417
0.058723
0.460951
0.442127
0.464122
0.103900
0.387371
0.105514
0.251891
0.306752
0.134051
0.050427
0.264455
0.079733
0.051509
0.079276
0.088488
0.233601
0.481093
0.437728
0.133478
0.069758
0.396972
0.107318
0.428505
0.104889
0.350537
0.313206
0.305486
0.083008
0.083553
0.057543
0.144117
0.072291
0.063260
0.249942
0.063851
0.063322
0.057238
0.337313
0.265621
0.273121
0.106624
0.379381
0.100244
0.498124
0.434543
0.072726
0.077154
0.469477
0.135785
0.050800
0.056006
0.074620
0.404657
0.433364
0.320846
0.261738
0.427819
0.401154
0.137840
0.362423
0.067618
0.488751
0.054976
0.157307
0.083653
0.340896
0.099921
0.475002
0.106197
0.361431
0.094519
0.070922
0.359764
0.452999
0.068425
0.050738
0.061925
0.403067
0.459273
0.299512
0.071989
0.298612
0.152545
0.053535
0.317639
0.362247
0.141471
0.225699
0.492591
0.496612
0.082416
0.060597
0.453815
0.283468
0.095135
0.055604
0.184101
0.270211
0.360766
0.491356
0.442908
0.246312
0.078033
0.451420
0.065058
0.178959
0.368394
0.105973
0.058867
0.058873
0.216573
0.256967
0.266368
0.064482
0.230039
0.405507
0.225265
0.074256
0.112537
0.329834
0.276472
0.481112
0.482196
0.365744
0.382590
0.388072
0.058206
0.166469
0.473983
0.429788
0.395376
0.187623
0.064226
0.449748
0.387384
0.082052
0.065464
0.354137
0.369006
0.297410
0.387919
0.407470
0.101300
0.098247
0.433978
0.090106
0.395350
0.495571
0.160901
0.406432
0.077940
0.243571
0.128450
0.479692
0.093292
0.291335
0.054488
0.086579
0.063163
0.384027
0.403373
0.081658
0.055898
0.113695
0.138212
0.462893
0.225094
0.475707
0.148743
0.062565
0.437056
0.067852
0.340239
0.451282
0.238485
0.087457
0.253446
0.321871
0.079139
0.068595
0.494497
0.354367
0.255611
0.167579
0.451621
0.077588
0.212371
0.170343
0.170402
0.299932
0.448470
0.399354
0.169641
0.153426
0.119875
0.417034
0.321058
0.479622
0.475467
0.378653
0.417808
0.080393
0.273882
0.485444
0.169114
0.407606
0.416282
0.173066
0.374966
0.219491
0.145664
0.063108
0.242014
0.146820
0.294002
0.124351
0.409596
0.384200
0.428106
0.059325
0.218013
0.456658
0.468157
0.254018
0.057593
0.254850
0.147648
0.489607
0.324388
0.403469
0.098892
0.147089
0.071005
0.497881
0.449356
0.467090
0.053004
0.101160
0.423684
0.069352
0.161168
0.088134
0.364353
0.105746
0.109020
0.331833
0.297012
0.436286
0.064404
0.487950
0.347547
0.207160
0.069560
0.344812
0.460677
0.195408
0.087091
0.088263
0.058998
0.067228
0.463859
0.468531
0.078341
0.066876
0.141552
0.422875
0.135409
0.240578
0.095662
0.134518
0.053981
0.273135
0.278859
0.473678
0.417434
0.141890
0.463872
0.183538
0.208254
0.062762
0.059128
0.494739
0.194020
0.474394
0.090132
0.090774
0.447480
0.070539
0.162168
0.068718
0.249370
0.405130
0.259829
0.492340
0.481268
0.458488
0.191999
0.079498
0.135552
0.194558
0.106426
0.471264
0.424177
0.077843
0.082297
0.442072
0.137405
0.065070
0.051101
0.101654
0.060916
0.246932
0.119546
0.347158
0.323928
0.388406
0.457129
0.329332
0.450036
0.257836
0.438196
0.379922
0.190142
0.120428
0.093310
0.067585
0.071965
0.073661
0.107773
0.185713
0.473238
0.068316
0.465247
0.128583
0.486767
0.394286
0.062210
0.058817
0.496804
0.286424
0.088628
0.088344
0.300029
0.071190
0.324078
0.365666
0.064999
0.266406
0.179526
0.138310
0.440949
0.062498
0.055661
0.133058
0.056049
0.105314
0.339288
0.452710
0.406178
0.144851
0.096683
0.160014
0.450200
0.488668
0.104247
0.176223
0.190255
0.430177
0.064800
0.421234
0.171411
0.285731
0.126468
0.124386
0.440734
0.102545
0.437035
0.392384
0.423572
0.431345
0.176636
0.228986
0.076601
0.164308
0.418824
0.411983
0.285116
0.359791
0.190418
0.292379
0.390287
0.367115
0.169187
0.391141
0.362201
0.389143
0.393906
0.085257
0.426788
0.137589
0.208685
0.079346
0.373447
0.196914
0.473060
0.306205
0.084823
0.371580
0.191519
0.161010
0.173798
0.487959
0.089424
0.439266
0.086465
0.053187
0.092591
0.375141
0.143428
0.269786
0.080900
0.422364
0.408293
0.379382
0.151696
0.349383
0.118033
0.193889
0.103006
0.498025
0.228884
0.265524
0.118862
0.090972
0.079946
0.058688
0.113535
0.054969
0.078364
0.307840
0.194139
0.093887
0.369993
0.071667
0.426322
0.072793
0.454212
0.205634
0.072123
0.476352
0.284930
0.110085
0.448177
0.072741
0.050038
0.479078
0.148359
0.143308
0.263795
0.126368
0.122698
0.416997
0.277497
0.307129
0.486533
0.098983
0.106308
0.078589
0.080265
0.170973
0.496428
0.498565
0.064687
0.478543
0.052336
0.228363
0.139379
0.368929
0.074421
0.295662
0.294053
0.052426
0.092764
0.490469
0.221356
0.050627
0.091000
0.061321
0.081608
0.056751
0.336290
0.229363
0.082043
0.469636
0.125447
0.483593
0.341074
0.236711
0.071146
0.237395
0.148981
0.088067
0.182239
0.069778
0.114690
0.233083
0.209068
0.229251
0.319042
0.080472
0.052470
0.056374
0.204349
0.120320
0.445616
0.477795
0.146903
0.293811
0.305587
0.444988
0.367911
0.130079
0.176593
0.376536
0.069238
0.092586
0.264281
0.368428
0.362817
0.051108
0.242257
0.318363
0.415366
0.069714
0.223333
0.160052
0.420974
0.326757
0.070146
0.459649
0.112385
0.286470
0.305633
0.075748
0.406498
0.140081
0.068276
0.058526
0.474290
0.384117
0.071786
0.124849
0.094022
0.075459
0.172109
0.085706
0.065040
0.057303
0.252515
0.489689
0.097999
0.056483
0.059659
0.458705
0.106849
0.435852
0.100575
0.343343
0.125856
0.496289
0.057441
0.148551
0.340161
0.403771
0.454105
0.307406
0.400974
0.264287
0.099959
0.361253
0.111332
0.103568
0.064372
0.149517
0.393384
0.364033
0.140022
0.403799
0.142439
0.157997
0.052686
0.118385
0.470817
0.059191
0.057223
0.062188
0.427436
0.067731
0.265777
0.203969
0.175127
0.054189
0.413677
0.216273
0.155252
0.264867
0.067464
0.095945
0.057874
0.455004
0.078956
0.120526
0.099258
0.110593
0.120049
0.318689
0.458666
0.365482
0.089724
0.103890
0.353703
0.402388
0.090826
0.413042
0.469129
0.281880
0.086870
0.116305
0.259149
0.443979
0.236973
0.445700
0.476182
0.053684
0.116233
0.410589
0.471396
0.100128
0.095443
0.470669
0.464181
0.098865
0.054591
0.125372
0.050446
0.332710
0.068288
0.067265
0.097769
0.078779
0.087055
0.061378
0.147289
0.260124
0.078594
0.200684
0.251702
0.106487
0.429300
0.497172
0.139007
0.115333
0.121532
0.052827
0.059099
0.083617
0.436205
0.389106
0.228939
0.073441
0.109530
0.148739
0.445001
0.491322
0.449271
0.352497
0.334887
0.062432
0.182667
0.091233
0.420199
0.165317
0.070373
0.387882
0.263502
0.169337
0.146529
0.090269
0.055798
0.387189
0.483380
0.148118
0.053003
0.228992
0.072890
0.163703
0.444694
0.217880
0.319560
0.283254
0.053140
0.290268
0.058887
0.074608
0.106443
0.311824
0.326153
0.466479
0.120992
0.472128
0.419747
0.484034
0.077556
0.109045
0.066964
0.319237
0.343721
0.497981
0.481857
0.494745
0.052407
0.191165
0.193422
0.399116
0.074040
0.092032
0.059312
0.475513
0.295054
0.490308
0.066705
0.050764
0.422090
0.066097
0.085880
0.145666
0.377101
0.114396
0.112058
0.353432
0.230066
0.169225
0.395481
0.317818
0.080953
0.064143
0.153376
0.088728
0.490662
0.253642
0.301132
0.321831
0.472205
0.468614
0.375376
0.056683
0.106786
0.085741
0.392464
0.202249
0.476871
0.072149
0.361201
0.115252
0.093949
0.478303
0.075547
0.242580
0.448823
0.085045
0.177378
0.403175
0.435306
0.074292
0.054817
0.491571
0.058420
0.066572
0.070163
0.487780
0.472496
0.115431
0.059231
0.496412
0.080833
0.294876
0.052153
0.070002
0.240998
0.465687
0.326621
0.245942
0.306569
0.446543
0.154560
0.118348
0.144029
0.185335
0.332459
0.058865
0.497174
0.061691
0.170145
0.061209
0.231564
0.114836
0.269410
0.437772
0.252688
0.051808
0.202916
0.267687
0.383768
0.071051
0.054924
0.082871
0.168995
0.241786
0.460821
0.311322
0.062832
0.052938
0.474211
0.468018
0.062441
0.487671
0.057028
0.177693
0.176645
0.065361
0.090555
0.056961
0.094411
0.102134
0.193389
0.183763
0.294263
0.325896
0.400368
0.084166
0.313394
0.060592
0.471537
0.166017
0.348513
0.098640
0.193032
0.131107
0.130619
0.208249
0.296392
0.401711
0.285572
0.074571
0.079827
0.353733
0.063660
0.096389
0.384780
0.202742
0.134118
0.368106
0.360317
0.087141
0.192623
0.454198
0.163516
0.148132
0.147234
0.051829
0.077731
0.278456
0.102586
0.396708
0.445947
0.182401
0.262577
0.215359
0.177401
0.061959
0.134757
0.135908
0.258887
0.050283
0.109125
0.269782
0.077907
0.114408
0.328906
0.441413
0.178151
0.441747
0.072197
0.480521
0.285712
0.083317
0.058678
0.105296
0.385238
0.272357
0.081392
0.076138
0.160988
0.176569
0.207021
0.340817
0.073243
0.066735
0.066259
0.359000
0.078456
0.134465
0.095951
0.445434
0.191135
0.064817
0.066655
0.093129
0.053852
0.053504
0.176715
0.053108
0.431681
0.106353
0.073969
0.052920
0.344036
0.138398
0.082554
0.215636
0.464948
0.497551
0.143124
0.317128
0.425034
0.058222
0.311930
0.060656
0.058464
0.141266
0.256879
0.201511
0.275223
0.294387
0.085896
0.050835
0.146674
0.052265
0.099362
0.267289
0.068393
0.466416
0.052636
0.439067
0.190105
0.219098
0.323061
0.051644
0.058881
0.436027
0.372541
0.360022
0.206213
0.050998
0.140789
0.432851
0.464577
0.079756
0.188330
0.158234
0.208906
0.098370
0.284786
0.297350
0.487876
0.362226
0.149981
0.336948
0.136495
0.063029
0.416170
0.151660
0.434281
0.069894
0.050040
0.283644
0.097641
0.446909
0.221234
0.146059
0.078397
0.065233
0.430425
0.056685
0.126540
0.489928
0.124755
0.259137
0.051464
0.273008
0.407166
0.173478
0.167529
0.349669
0.084452
0.060457
0.260787
0.079165
0.101796
0.314392
0.356276
0.054676
0.232292
0.498618
0.090538
0.157501
0.208979
0.265838
0.284462
0.071172
0.360914
0.176895
0.239038
0.066391
0.136866
0.135896
0.134133
0.078846
0.481738
0.087965
0.422647
0.078857
0.053887
0.465024
0.057998
0.055297
0.432984
0.454592
0.072906
0.182056
0.070806
0.121262
0.132982
0.058925
0.275131
0.448905
0.161250
0.177119
0.068515
0.087798
0.107128
0.183272
0.474500
0.053995
0.142102
0.259829
0.387878
0.065342
0.435439
0.247022
0.400581
0.164597
0.077054
0.320620
0.184674
0.407074
0.053443
0.424853
0.348289
0.085698
0.051897
0.217839
0.068204
0.067859
0.072884
0.082136
0.488602
0.059187
0.152078
0.339781
0.365726
0.139545
0.365595
0.239856
0.324116
0.071298
0.175961
0.167678
0.079303
0.063091
0.065760
0.462400
0.067267
0.099064
0.272443
0.462671
0.101587
0.298411
0.468899
0.416747
0.108006
0.092992
0.052600
0.309634
0.110196
0.107694
0.196574
0.111997
0.100688
0.432751
0.448794
0.119639
0.397690
0.067657
0.492139
0.205109
0.309149
0.067602
0.120261
0.229249
0.068192
0.188503
0.158132
0.120156
0.428413
0.075164
0.129103
0.375084
0.097892
0.057036
0.348331
0.134011
0.204834
0.086960
0.113807
0.076160
0.086900
0.071231
0.496999
0.102463
0.498195
0.051758
0.469026
0.488255
0.076731
0.475059
0.160005
0.454424
0.137064
0.151229
0.460123
0.074653
0.084151
0.093863
0.064376
0.315000
0.135903
0.074351
0.132674
0.369417
0.241883
0.301139
0.204934
0.086315
0.330441
0.396218
0.330677
0.193405
0.135139
0.106387
0.133664
0.120964
0.460428
0.078861
0.055668
0.429809
0.448654
0.063435
0.072882
0.104548
0.206287
0.157140
0.429539
0.061298
0.140914
0.059258
0.247033
0.070879
0.050808
0.424481
0.447129
0.096331
0.400360
0.376375
0.057825
0.105617
0.081175
0.064615
0.124413
0.499863
0.101443
0.235842
0.078657
0.442227
0.162228
0.196879
0.420828
0.474668
0.072257
0.467479
0.421028
0.398076
0.096839
0.226895
0.306553
0.278743
0.072296
0.366688
0.055688
0.240542
0.118176
0.496496
0.059558
0.434339
0.124290
0.176586
0.244997
0.244403
0.495290
0.234371
0.323707
0.051806
0.393077
0.107730
0.073232
0.068801
0.385677
0.207420
0.362519
0.235234
0.281591
0.118223
0.225156
0.057683
0.335331
0.100994
0.450497
0.156764
0.482533
0.488559
0.465862
0.420003
0.438081
0.190016
0.162038
0.434672
0.119195
0.069024
0.091580
0.090513
0.061571
0.124672
0.404313
0.251702
0.200349
0.069713
0.228736
0.080031
0.168356
0.117994
0.099132
0.055448
0.486743
0.487858
0.060241
0.494474
0.440876
0.460457
0.425777
0.066482
0.107907
0.059224
0.068940
0.084391
0.107804
0.092524
0.467832
0.055626
0.095542
0.493998
0.105611
0.275940
0.312802
0.342992
0.443106
0.068086
0.360789
0.093134
0.069687
0.134984
0.156018
0.328154
0.291096
0.061171
0.490188
0.068465
0.117807
0.069693
0.295165
0.088532
0.357161
0.329406
0.073326
0.125490
0.054818
0.069078
0.205316
0.055381
0.416216
0.067188
0.066570
0.329351
0.259260
0.060744
0.237456
0.273332
0.212544
0.129947
0.392723
0.433493
0.051179
0.082931
0.256369
0.235440
0.055645
0.294543
0.281912
0.198415
0.146476
0.461536
0.166493
0.167601
0.140858
0.452318
0.168584
0.442466
0.109582
0.291783
0.295942
0.135068
0.131716
0.479835
0.114497
0.125188
0.293290
0.252856
0.196187
0.074309
0.365376
0.155704
0.079551
0.095347
0.122780
0.054155
0.053861
0.105252
0.374730
0.089448
0.159507
0.497017
0.453606
0.065388
0.257998
0.493541
0.055600
0.227028
0.281534
0.405952
0.072968
0.493883
0.078647
0.454856
0.447254
0.105480
0.064167
0.073278
0.108583
0.437352
0.209863
0.340621
0.490616
0.212436
0.239302
0.483200
0.300621
0.455063
0.067028
0.240780
0.121727
0.082988
0.074534
0.303479
0.382215
0.338831
0.427140
0.322371
0.429700
0.451049
0.277550
0.085669
0.385383
0.131307
0.348398
0.080969
0.087504
0.053818
0.126788
0.089412
0.067717
0.093074
0.054065
0.060868
0.053446
0.433049
0.061217
0.070130
0.272008
0.106886
0.411415
0.069162
0.386170
0.357864
0.079557
0.080846
0.097712
0.060042
0.168914
0.170198
0.425649
0.174278
0.052500
0.107930
0.089422
0.496940
0.466192
0.355476
0.230445
0.491097
0.172115
0.236063
0.477169
0.393876
0.394245
0.115521
0.292120
0.287733
0.432968
0.293555
0.224485
0.369478
0.059389
0.210542
0.367232
0.198412
0.406973
0.489326
0.459410
0.050303
0.053133
0.407883
0.455015
0.072010
0.104222
0.493225
0.499920
0.449850
0.149316
0.070782
0.129088
0.429675
0.111784
0.111302
0.385607
0.061528
0.121939
0.077880
0.062163
0.255560
0.055949
0.070420
0.110679
0.387343
0.173684
0.062460
0.398439
0.409067
0.057158
0.051332
0.342874
0.144839
0.104651
0.153195
0.499742
0.156326
0.094391
0.065831
0.058206
0.194919
0.393063
0.088280
0.104758
0.106199
0.070583
0.106095
0.225965
0.071784
0.482567
0.182674
0.300150
0.320200
0.060820
0.286153
0.071634
0.056953
0.442541
0.447615
0.276867
0.181780
0.437700
0.143186
0.073413
0.052858
0.064002
0.382412
0.061064
0.469934
0.300712
0.343433
0.454719
0.051640
0.088731
0.313547
0.050479
0.306082
0.246222
0.082371
0.084702
0.077300
0.058528
0.468756
0.109371
0.382605
0.467781
0.376536
0.130741
0.120191
0.118686
0.249407
0.282129
0.160701
0.464322
0.054476
0.243067
0.300720
0.094093
0.064024
0.139606
0.458879
0.440735
0.095909
0.137847
0.087196
0.054730
0.403450
0.224766
0.412323
0.054974
0.421151
0.420363
0.363509
0.437745
0.155241
0.498151
0.171781
0.072430
0.350365
0.057693
0.325687
0.091437
0.064336
0.065797
0.442999
0.052732
0.412702
0.136122
0.383674
0.146274
0.193770
0.329824
0.443801
0.068275
0.354547
0.286104
0.296398
0.113032
0.457918
0.296138
0.139939
0.101371
0.350807
0.105151
0.183945
0.155014
0.334443
0.077817
0.109318
0.127112
0.174966
0.390069
0.260298
0.125222
0.228693
0.482585
0.492127
0.358017
0.062911
0.324273
0.143217
0.483520
0.315358
0.448638
0.346981
0.145022
0.481286
0.057155
0.306296
0.071178
0.452663
0.081338
0.170614
0.494143
0.453733
0.072136
0.058139
0.184054
0.073816
0.160743
0.068005
0.252738
0.079469
0.118496
0.147660
0.147810
0.070181
0.055062
0.070844
0.150753
0.206336
0.069683
0.394044
0.058943
0.460618
0.298542
0.142731
0.069414
0.081464
0.451194
0.087257
0.461426
0.340891
0.433157
0.165673
0.272470
0.135605
0.054343
0.075607
0.057119
0.217702
0.406192
0.051301
0.086874
0.358674
0.112757
0.090212
0.078004
0.066850
0.101389
0.380393
0.074187
0.183929
0.056380
0.370109
0.083718
0.469757
0.123984
0.116874
0.090856
0.055801
0.463011
0.080755
0.451814
0.126406
0.447968
0.076118
0.440860
0.289540
0.414668
0.098786
0.462686
0.265141
0.077567
0.440578
0.090968
0.378493
0.473939
0.469256
0.206580
0.115649
0.417829
0.326703
0.139240
0.392719
0.386798
0.166456
0.165647
0.185023
0.118561
0.142663
0.429222
0.087035
0.455705
0.257410
0.139872
0.087129
0.225917
0.053659
0.072799
0.236226
0.085836
0.094621
0.458691
0.207338
0.325648
0.083812
0.402155
0.452780
0.220033
0.266321
0.055319
0.057682
0.057961
0.482921
0.088465
0.249438
0.220829
0.136838
0.078166
0.264385
0.205447
0.456706
0.494213
0.261214
0.382634
0.053810
0.103139
0.097831
0.089962
0.475430
0.129054
0.175911
0.404346
0.491186
0.111610
0.313469
0.078525
0.443559
0.140561
0.147995
0.064821
0.237310
0.062095
0.054631
0.077564
0.302697
0.063318
0.066846
0.414463
0.245846
0.278359
0.078875
0.060965
0.124800
0.053746
0.196500
0.493519
0.090834
0.050894
0.383955
0.095665
0.256161
0.055317
0.065730
0.498742
0.337116
0.181331
0.082488
0.229292
0.091554
0.269109
0.117392
0.057791
0.216658
0.219830
0.198450
0.245578
0.480716
0.229994
0.444254
0.407011
0.473797
0.207550
0.252147
0.194923
0.153354
0.053185
0.409654
0.109667
0.186175
0.100470
0.097078
0.402172
0.110996
0.054022
0.343500
0.211093
0.122702
0.050623
0.373378
0.106583
0.072949
0.102724
0.175275
0.100839
0.253517
0.165573
0.056621
0.063132
0.061290
0.168327
0.437153
0.164598
0.060428
0.411955
0.050088
0.493334
0.159128
0.233127
0.131109
0.286306
0.139765
0.128616
0.062153
0.066803
0.451824
0.065430
0.096513
0.489134
0.068550
0.074684
0.086578
0.112241
0.166972
0.226635
0.074752
0.089088
0.250826
0.061027
0.395597
0.418734
0.072853
0.493093
0.210877
0.219468
0.485846
0.491330
0.468668
0.299090
0.337525
0.455414
0.457137
0.063499
0.098303
0.439470
0.367225
0.070293
0.379777
0.103114
0.328540
0.130700
0.085552
0.105355
0.465769
0.105635
0.091040
0.208725
0.087401
0.187489
0.289955
0.225528
0.315259
0.343371
0.129139
0.101430
0.290310
0.177150
0.138474
0.065417
0.487959
0.209000
0.218053
0.224386
0.071709
0.061142
0.457835
0.421543
0.099672
0.386649
0.185605
0.071648
0.304654
0.076475
0.146890
0.097430
0.074547
0.105308
0.242939
0.064715
0.056889
0.060125
0.257685
0.055202
0.104169
0.430191
0.091049
0.075283
0.150248
0.398852
0.436682
0.404444
0.054323
0.429388
0.225870
0.084827
0.179228
0.134074
0.455770
0.491067
0.104334
0.054973
0.053425
0.063847
0.063847
0.493414
0.147173
0.335646
0.215381
0.361088
0.271957
0.274776
0.052560
0.114222
0.053385
0.152208
0.467617
0.068094
0.074059
0.487675
0.142826
0.066874
0.108961
0.363827
0.424785
0.465626
0.083075
0.077667
0.430372
0.093620
0.066438
0.197011
0.179174
0.446681
0.071761
0.052328
0.171394
0.074541
0.105434
0.202131
0.369552
0.081784
0.052994
0.381624
0.058235
0.062170
0.101774
0.068547
0.455354
0.067767
0.128667
0.114267
0.095277
0.092507
0.067526
0.461571
0.179553
0.061014
0.260344
0.098536
0.445285
0.330416
0.276764
0.428166
0.483751
0.072878
0.104825
0.472842
0.426936
0.130335
0.353095
0.280363
0.059586
0.070141
0.162175
0.486212
0.090604
0.121299
0.165440
0.482997
0.172197
0.465812
0.111126
0.192347
0.479631
0.087284
0.089667
0.415117
0.171003
0.403844
0.305661
0.161996
0.132682
0.269874
0.062557
0.499072
0.064781
0.076592
0.415691
0.243645
0.276853
0.089830
0.087289
0.201747
0.089134
0.281376
0.412016
0.465028
0.143957
0.498724
0.499108
0.185982
0.057815
0.056521
0.334875
0.278243
0.116436
0.084188
0.339387
0.357390
0.396126
0.472156
0.447611
0.144181
0.227100
0.400375
0.050552
0.281924
0.065382
0.402783
0.428614
0.103375
0.129209
0.426204
0.078738
0.274505
0.082503
0.051215
0.499530
0.179135
0.054652
0.105081
0.052308
0.053698
0.079712
0.057144
0.336006
0.398764
0.295678
0.470912
0.390242
0.089651
0.466025
